0 0
10 0.0
24 0.0
38 0.0
52 14.0
66 0
80 0
94 0
108 0
122 0
136 0
150 0
164 0
178 0
192 0
206 0
220 0
234 0
248 0
262 0
276 0.0
290 0.0
304 0.0
318 0.0
332 0.0
346 0.0
360 9.0
374 23.0
388 37.0
402 0
416 0
430 0
444 0
458 0
472 0.0
486 0.0
500 0.0
514 0.0
528 7.0
542 21.0
556 3.0
570 0
584 0.0
598 0.0
612 0.0
626 13.0
640 47.0
654 89.0
668 34.0
682 0.0
696 9.0
710 23.0
724 37.0
738 0.0
752 14.0
766 0
780 0.0
794 0.0
808 2.0
822 16.0
836 30.0
850 0.0
864 0.0
878 0.0
892 9.0
906 31.0
920 22.0
934 37.0
948 14.0
962 0
976 0
990 0.0
1004 0.0
1018 3.0
1032 23.0
1046 31.0
1060 8.0
1074 31.0
1088 73.0
1102 99.0
1116 70.0
1130 0.0
1144 0.0
1158 0.0
1172 0.0
1186 0.0
1200 11.0
1214 42.0
1228 101.0
1242 56.0
1256 55.0
1270 17.0
1284 31.0
1298 0.0
1312 3.0
1326 19.0
1340 53.0
1354 32.0
1368 63.0
1382 24.0
1396 81.0
1410 93.0
1424 138.0
1438 27.0
1452 65.0
1466 108.0
1480 86.0
1494 115.0
1508 71.0
1522 61.0
1536 74.0
1550 0.0
1564 7.0
1578 14.0
1592 26.0
1606 19.0
1620 2.0
1634 0.0
1648 16.0
1662 62.0
1676 44.0
1690 26.0
1704 17.0
1718 27.0
1732 105.0
1746 78.0
1760 53.0
1774 137.0
1788 134.0
1802 67.0
1816 31.0
1830 84.0
1844 87.0
1858 108.0
1872 126.0
1886 59.0
1900 9.0
1914 36.0
1928 91.0
1942 75.0
1956 87.0
1970 172.0
1984 272.0
1998 314.0
2012 199.0
2026 194.0
2040 279.0
2054 247.0
2068 143.0
2082 217.0
2096 185.0
2110 259.0
2124 99.0
2138 155.0
2152 157.0
2166 96.0
2180 123.0
2194 131.0
2208 178.0
2222 55.0
2236 97.0
2250 166.0
2264 164.0
2278 66.0
2292 119.0
2306 181.0
2320 234.0
2334 124.0
2348 97.0
2362 166.0
2376 157.0
2390 65.0
2404 84.0
2418 103.0
2432 190.0
2446 163.0
2460 230.0
2474 360.0
2488 388.0
2502 401.0
2516 502.0
2530 588.0
2544 470.0
2558 636.0
2572 787.0
2586 900.0
2600 559.0
2614 714.0
2628 732.0
2642 837.0
2656 866.0
2670 968.0
2684 898.0
2698 1118.0
2712 1080.0
2726 1101.0
2740 1365.0
2754 1707.0
2768 1450.0
2782 1471.0
2796 1679.0
2810 1995.0
2824 2085.0
2838 2109.0
2852 2334.0
2866 2679.0
2880 2653.0
2894 2636.0
2908 2720.0
2922 2903.0
2936 2483.0
2950 2602.0
2964 2853.0
2978 3041.0
2992 2825.0
3006 2898.0
3020 3036.0
3034 3106.0
3048 2921.0
3062 2968.0
3076 3281.0
3090 3498.0
3104 3116.0
3118 3268.0
3132 3438.0
3146 3676.0
3160 3524.0
3174 3679.0
3188 3795.0
3202 4056.0
3216 3934.0
3230 4238.0
3244 4010.0
3258 4130.0
3272 3912.0
3286 4077.0
3300 3756.0
3314 4080.0
3328 4165.0
3342 4296.0
3356 4038.0
3370 4491.0
3384 4697.0
3398 5018.0
3412 4720.0
3426 5150.0
3440 4844.0
3454 5106.0
3468 4637.0
3482 5059.0
3496 4510.0
3510 4895.0
3524 4386.0
3538 4733.0
3552 4784.0
3566 5268.0
3580 4824.0
3594 5267.0
3608 5266.0
3622 5714.0
3636 5714.0
3650 6178.0
3664 5296.0
3678 5746.0
3692 5818.0
3706 6253.0
3720 5569.0
3734 6069.0
3748 5531.0
3762 5878.0
3776 5098.0
3790 5532.0
3804 4934.0
3818 5183.0
3832 5104.0
3846 5590.0
3860 5533.0
3874 5998.0
3888 5637.0
3902 6141.0
3916 5938.0
3930 6362.0
3944 5268.0
3958 5641.0
3972 5569.0
3986 5968.0
4000 5701.0
4014 6080.0
4028 5396.0
4042 5700.0
4056 5817.0
4070 6297.0
4084 6055.0
4098 6460.0
4112 5867.0
4126 6217.0
4140 6274.0
4154 6722.0
4168 6705.0
4182 7186.0
4196 6466.0
4210 6874.0
4224 6013.0
4238 6295.0
4252 5958.0
4266 6412.0
4280 4868.0
4294 5139.0
4308 5118.0
4322 5534.0
4336 4166.0
4350 4417.0
4364 3929.0
4378 4231.0
4392 3847.0
4406 4112.0
4420 4100.0
4434 4365.0
4448 3534.0
4462 3720.0
4476 2864.0
4490 3032.0
4504 2575.0
4518 2700.0
4532 2407.0
4546 2513.0
4560 1805.0
4574 1898.0
4588 2066.0
4602 2177.0
4616 576.0
4630 616.0
4644 751.0
4658 882.0
4672 220.0
4686 262.0
4700 299.0
4714 326.0
4728 0.0
4742 4.0
4756 18.0
4770 6.0
4784 20.0
4798 47.0
4812 27.0
4826 0.0
4840 3.0
4854 17.0
4868 31.0
4882 0
4896 0.0
4910 0.0
4924 8.0
4938 26.0
4952 18.0
4966 32.0
4980 0.0
4994 0.0
5008 0.0
5022 1.0
5036 0
5050 0.0
5064 0.0
5078 0.0
5092 0
5106 0
5120 0.0
5134 0.0
5148 0.0
5162 13.0
5176 27.0
5190 0.0
5204 0.0
5218 10.0
5232 24.0
5246 0
5260 0
5274 0
5288 0
5302 0
5316 0
5330 0.0
5344 0.0
5358 0.0
5372 0.0
5386 5.0
